13
-1 25 11 52 59 99 10 96 1 24 19 21 5 
95 -1 90 78 62 61 94 7 77 15 93 69 45 
11 56 -1 63 11 70 6 80 55 47 71 21 53 
95 85 32 -1 75 63 71 53 30 67 55 11 98 
37 96 33 62 -1 62 12 67 11 78 1 76 45 
99 56 39 65 2 -1 98 68 69 63 31 40 30 
8 36 24 89 93 51 -1 82 50 74 42 84 74 
84 64 33 2 94 98 32 -1 29 47 94 93 30 
51 18 55 2 53 88 28 75 -1 91 66 21 91 
14 88 8 12 52 19 72 16 17 -1 62 52 61 
87 96 43 75 73 83 10 87 6 39 -1 66 5 
54 68 5 86 88 97 86 97 11 90 72 -1 17 
97 6 67 31 53 38 2 13 78 77 95 32 -1 

sum_min=106
