13
-1 8 91 98 88 85 97 82 88 4 88 44 59 
74 -1 6 5 81 77 22 55 89 56 75 52 94 
78 99 -1 13 37 82 67 45 68 35 40 68 44 
28 90 97 -1 62 44 3 32 6 4 40 53 92 
7 79 79 82 -1 19 63 88 42 2 4 94 12 
42 19 29 19 31 -1 38 8 22 28 93 47 90 
22 46 35 27 57 96 -1 61 99 42 50 21 91 
80 28 15 36 34 32 93 -1 78 69 78 50 23 
64 90 10 37 17 61 97 65 -1 46 68 72 6 
48 59 88 39 31 66 57 69 73 -1 57 91 25 
67 57 57 8 97 21 43 58 64 26 -1 43 85 
27 60 18 13 20 88 89 39 5 82 43 -1 43 
60 77 60 34 54 63 25 30 55 80 17 35 -1 

sum_min=175
