14
-1 2 86 49 54 92 55 37 49 34 59 80 37 48 
94 -1 35 71 56 75 76 18 42 81 92 24 51 81 
48 6 -1 10 1 4 76 67 63 34 79 38 49 55 
95 47 62 -1 66 61 47 58 54 53 20 7 49 97 
58 39 74 22 -1 17 69 35 6 21 55 1 6 64 
64 54 93 45 7 -1 27 61 69 49 91 46 39 86 
99 52 26 95 20 89 -1 7 33 80 17 94 99 40 
41 24 12 65 8 67 62 -1 11 39 42 80 70 10 
20 61 97 54 80 74 65 87 -1 87 47 60 52 82 
80 56 37 22 47 13 86 55 47 -1 26 20 46 87 
2 20 52 19 5 15 2 97 70 22 -1 26 27 6 
68 92 63 33 3 56 21 76 49 29 26 -1 59 51 
49 86 15 64 95 5 23 27 23 85 73 63 -1 27 
72 51 95 10 35 25 80 35 68 64 54 36 20 -1 

sum_min=186
