14
-1 46 31 16 9 46 2 91 66 83 26 40 11 72 
88 -1 48 4 52 21 86 38 52 93 38 88 57 70 
82 61 -1 75 45 15 56 65 41 60 57 82 60 67 
66 50 19 -1 13 56 9 16 26 4 45 10 32 67 
89 37 60 32 -1 92 26 14 27 30 16 94 90 8 
67 64 10 79 56 -1 35 90 78 25 95 38 49 49 
80 80 79 60 77 78 -1 76 66 86 14 80 48 82 
27 87 68 81 77 63 70 -1 14 6 88 23 94 72 
15 69 80 97 3 7 15 74 -1 76 97 10 51 85 
98 75 26 56 41 30 6 6 24 -1 91 8 63 21 
84 58 88 29 11 77 62 5 22 12 -1 85 57 56 
73 47 31 16 49 9 6 90 91 6 26 -1 21 45 
31 92 36 78 91 69 91 65 43 80 97 42 -1 56 
23 38 52 37 9 68 9 86 29 5 12 33 19 -1 

sum_min=203
