15
-1 55 67 76 36 13 89 29 50 94 33 4 5 38 19 
94 -1 90 23 25 37 2 85 16 48 71 35 31 34 61 
54 54 -1 42 36 92 37 19 61 67 69 72 22 7 4 
21 46 84 -1 25 41 65 71 53 4 93 11 36 66 71 
91 65 1 67 -1 80 42 68 35 13 99 87 76 65 22 
66 40 55 80 98 -1 58 74 39 44 83 69 55 61 4 
71 93 12 90 10 4 -1 82 8 55 19 83 51 15 92 
82 89 10 9 71 75 96 -1 42 35 66 8 91 48 12 
20 98 67 98 58 96 48 2 -1 1 47 2 71 24 46 
19 87 68 37 90 82 1 3 8 -1 77 38 42 80 33 
28 58 9 82 98 58 41 46 20 99 -1 52 19 29 9 
31 54 46 83 61 62 93 29 2 67 45 -1 35 62 91 
26 86 62 31 31 89 48 7 85 26 48 66 -1 13 73 
93 61 39 27 55 51 95 80 92 43 56 82 99 -1 97 
71 97 71 13 20 18 19 28 93 64 61 59 22 48 -1 

sum_min=0
