15
-1 83 13 71 15 9 5 3 42 90 59 86 91 71 40 
69 -1 29 12 26 97 23 42 87 67 12 4 11 98 13 
30 16 -1 69 47 91 36 95 56 39 43 77 30 64 1 
61 96 98 -1 83 16 87 23 88 62 75 23 76 12 61 
46 65 95 12 -1 16 72 87 30 53 97 6 25 15 48 
12 15 10 18 14 -1 7 71 14 75 41 78 41 4 60 
21 79 17 20 77 21 -1 56 92 18 24 32 66 31 10 
93 52 62 32 4 80 13 -1 65 59 65 86 64 61 4 
76 26 34 2 79 69 37 16 -1 37 21 37 8 61 5 
16 91 7 6 52 69 48 43 5 -1 58 41 43 39 58 
32 91 73 39 64 89 95 44 44 62 -1 34 16 41 31 
37 23 97 6 63 18 7 2 88 35 40 -1 65 32 56 
26 77 84 99 13 60 37 87 58 87 17 14 -1 37 71 
92 58 84 66 89 72 21 8 33 42 92 43 40 -1 2 
13 64 97 1 12 58 53 89 20 48 70 86 28 89 -1 

sum_min=0
